Documento 0
	 Palabra 	 Indice 	 TF 	 IDF 	 TF-IDF
	 a		[0, 4, 14]		1.47712	0.09691	0.14315
	 dry		[1]		1.0	0.69897	0.69897
	 wine		[2, 16]		1.30103	0.52288	0.68028
	 spicy		[3]		1.0	1.0	1.0
	 tight		[5]		1.0	1.0	1.0
	 taut		[6]		1.0	1.0	1.0
	 texture		[7]		1.0	1.0	1.0
	 strongly		[8]		1.0	1.0	1.0
	 mineral		[9]		1.0	1.0	1.0
	 character		[10]		1.0	0.69897	0.69897
	 layered		[11]		1.0	1.0	1.0
	 citrus		[12]		1.0	1.0	1.0
	 pepper		[13]		1.0	0.52288	0.52288
	 food		[15]		1.0	1.0	1.0
	 crisp		[17]		1.0	1.0	1.0
	 aftertaste		[18]		1.0	1.0	1.0


Documento 1
	 Palabra 	 Indice 	 TF 	 IDF 	 TF-IDF
	 slightly		[0]		1.0	0.69897	0.69897
	 reduce		[1]		1.0	1.0	1.0
	 wine		[2]		1.0	0.52288	0.52288
	 offer		[3]		1.0	0.69897	0.69897
	 a		[4]		1.0	0.09691	0.09691
	 chalky		[5]		1.0	1.0	1.0
	 tannic		[6]		1.0	0.69897	0.69897
	 backbone		[7]		1.0	1.0	1.0
	 juicy		[8]		1.0	0.69897	0.69897
	 explosion		[9]		1.0	1.0	1.0
	 rich		[10]		1.0	1.0	1.0
	 black		[11]		1.0	0.69897	0.69897
	 cherry		[12]		1.0	0.69897	0.69897
	 accented		[13]		1.0	1.0	1.0
	 firm		[14]		1.0	1.0	1.0
	 oak		[15]		1.0	0.39794	0.39794
	 cigar		[16]		1.0	0.69897	0.69897
	 box		[17]		1.0	0.69897	0.69897


Documento 2
	 Palabra 	 Indice 	 TF 	 IDF 	 TF-IDF
	 dominate		[0]		1.0	0.69897	0.69897
	 oak		[1]		1.0	0.39794	0.39794
	 oak-driven		[2]		1.0	0.69897	0.69897
	 aromas		[3]		1.0	0.22185	0.22185
	 include		[4]		1.0	1.0	1.0
	 roasted		[5]		1.0	1.0	1.0
	 coffee		[6]		1.0	1.0	1.0
	 bean		[7]		1.0	1.0	1.0
	 espresso		[8]		1.0	1.0	1.0
	 coconut		[9]		1.0	1.0	1.0
	 vanilla		[10]		1.0	0.69897	0.69897
	 carry		[11]		1.0	0.69897	0.69897
	 palate		[12]		1.0	0.30103	0.30103
	 plum		[13]		1.0	0.52288	0.52288
	 chocolate		[14]		1.0	1.0	1.0
	 astringent		[15]		1.0	1.0	1.0
	 drying		[16]		1.0	1.0	1.0
	 tannins		[17]		1.0	1.0	1.0
	 give		[18]		1.0	1.0	1.0
	 a		[19]		1.0	0.09691	0.09691
	 abrupt		[20]		1.0	1.0	1.0
	 finish		[21]		1.0	0.39794	0.39794


Documento 3
	 Palabra 	 Indice 	 TF 	 IDF 	 TF-IDF
	 build		[0]		1.0	1.0	1.0
	 150		[1]		1.0	1.0	1.0
	 years		[2]		1.0	1.0	1.0
	 generations		[3]		1.0	1.0	1.0
	 winemaking		[4]		1.0	1.0	1.0
	 tradition		[5]		1.0	1.0	1.0
	 winery		[6]		1.0	1.0	1.0
	 trends		[7]		1.0	1.0	1.0
	 a		[8]		1.0	0.09691	0.09691
	 leaner		[9]		1.0	1.0	1.0
	 style		[10]		1.0	1.0	1.0
	 classic		[11]		1.0	1.0	1.0
	 california		[12]		1.0	1.0	1.0
	 buttercream		[13]		1.0	1.0	1.0
	 aroma		[14]		1.0	1.0	1.0
	 cut		[15]		1.0	1.0	1.0
	 tart		[16]		1.0	0.69897	0.69897
	 green		[17]		1.0	0.69897	0.69897
	 apple		[18]		1.0	0.69897	0.69897
	 good		[19]		1.0	0.69897	0.69897
	 everyday		[20]		1.0	1.0	1.0
	 sipping		[21]		1.0	1.0	1.0
	 wine		[22]		1.0	0.52288	0.52288
	 flavors		[23]		1.0	0.52288	0.52288
	 range		[24]		1.0	1.0	1.0
	 pear		[25]		1.0	1.0	1.0
	 barely		[26]		1.0	1.0	1.0
	 ripe		[27]		1.0	0.69897	0.69897
	 pineapple		[28]		1.0	1.0	1.0
	 prove		[29]		1.0	1.0	1.0
	 approachable		[30]		1.0	0.69897	0.69897
	 distinctive		[31]		1.0	1.0	1.0


Documento 4
	 Palabra 	 Indice 	 TF 	 IDF 	 TF-IDF
	 zesty		[0]		1.0	1.0	1.0
	 orange		[1]		1.0	1.0	1.0
	 peels		[2]		1.0	1.0	1.0
	 apple		[3]		1.0	0.69897	0.69897
	 note		[4]		1.0	0.52288	0.52288
	 abound		[5]		1.0	1.0	1.0
	 sprightly		[6]		1.0	1.0	1.0
	 mineral-toned		[7]		1.0	1.0	1.0
	 riesling		[8]		1.0	1.0	1.0
	 dry		[9]		1.0	0.69897	0.69897
	 palate		[10]		1.0	0.30103	0.30103
	 racy		[11]		1.0	1.0	1.0
	 lean		[12]		1.0	1.0	1.0
	 a		[13]		1.0	0.09691	0.09691
	 refreshing		[14]		1.0	1.0	1.0
	 easy		[15]		1.0	1.0	1.0
	 quaffer		[16]		1.0	1.0	1.0
	 wide		[17]		1.0	1.0	1.0
	 appeal		[18]		1.0	1.0	1.0


Documento 5
	 Palabra 	 Indice 	 TF 	 IDF 	 TF-IDF
	 bake		[0]		1.0	1.0	1.0
	 plum		[1, 20]		1.30103	0.52288	0.68028
	 molasses		[2]		1.0	1.0	1.0
	 balsamic		[3]		1.0	1.0	1.0
	 vinegar		[4]		1.0	1.0	1.0
	 cheesy		[5]		1.0	1.0	1.0
	 oak		[6]		1.0	0.39794	0.39794
	 aromas		[7]		1.0	0.22185	0.22185
	 feed		[8]		1.0	1.0	1.0
	 a		[9, 12, 15]		1.47712	0.09691	0.14315
	 palate		[10]		1.0	0.30103	0.30103
	 braced		[11]		1.0	1.0	1.0
	 bolt		[13]		1.0	1.0	1.0
	 acidity		[14]		1.0	1.0	1.0
	 compact		[16]		1.0	1.0	1.0
	 set		[17]		1.0	1.0	1.0
	 saucy		[18]		1.0	1.0	1.0
	 red-berry		[19]		1.0	1.0	1.0
	 flavors		[21]		1.0	0.52288	0.52288
	 feature		[22]		1.0	1.0	1.0
	 tobacco		[23]		1.0	0.69897	0.69897
	 peppery		[24]		1.0	1.0	1.0
	 accents		[25]		1.0	1.0	1.0
	 finish		[26]		1.0	0.39794	0.39794
	 mildly		[27]		1.0	1.0	1.0
	 green		[28]		1.0	0.69897	0.69897
	 flavor		[29]		1.0	0.69897	0.69897
	 respectable		[30]		1.0	1.0	1.0
	 weight		[31]		1.0	1.0	1.0
	 balance		[32]		1.0	1.0	1.0


Documento 6
	 Palabra 	 Indice 	 TF 	 IDF 	 TF-IDF
	 raw		[0]		1.0	1.0	1.0
	 black-cherry		[1]		1.0	1.0	1.0
	 aromas		[2]		1.0	0.22185	0.22185
	 direct		[3]		1.0	1.0	1.0
	 simple		[4]		1.0	1.0	1.0
	 good		[5]		1.0	0.69897	0.69897
	 a		[6, 15]		1.30103	0.09691	0.12608
	 juicy		[7]		1.0	0.69897	0.69897
	 feel		[8]		1.0	1.0	1.0
	 thickens		[9]		1.0	1.0	1.0
	 time		[10]		1.0	1.0	1.0
	 oak		[11, 22]		1.30103	0.39794	0.51773
	 character		[12]		1.0	0.69897	0.69897
	 extract		[13]		1.0	1.0	1.0
	 apparent		[14]		1.0	1.0	1.0
	 flavor		[16]		1.0	0.69897	0.69897
	 profile		[17]		1.0	1.0	1.0
	 drive		[18]		1.0	1.0	1.0
	 dark-berry		[19]		1.0	1.0	1.0
	 fruits		[20]		1.0	1.0	1.0
	 smoldering		[21]		1.0	1.0	1.0
	 finish		[23]		1.0	0.39794	0.39794
	 meaty		[24]		1.0	1.0	1.0
	 hot		[25]		1.0	1.0	1.0


Documento 7
	 Palabra 	 Indice 	 TF 	 IDF 	 TF-IDF
	 desiccated		[0]		1.0	1.0	1.0
	 blackberry		[1, 20]		1.30103	1.0	1.30103
	 leather		[2]		1.0	1.0	1.0
	 charred		[3]		1.0	1.0	1.0
	 wood		[4]		1.0	1.0	1.0
	 mint		[5]		1.0	1.0	1.0
	 aromas		[6, 25]		1.30103	0.22185	0.28863
	 carry		[7]		1.0	0.69897	0.69897
	 nose		[8]		1.0	0.69897	0.69897
	 full-bodied		[9]		1.0	1.0	1.0
	 tannic		[10]		1.0	0.69897	0.69897
	 heavily		[11]		1.0	1.0	1.0
	 oaked		[12]		1.0	1.0	1.0
	 tinto		[13]		1.0	1.0	1.0
	 fino		[14]		1.0	1.0	1.0
	 flavors		[15]		1.0	0.52288	0.52288
	 clove		[16]		1.0	1.0	1.0
	 woodspice		[17]		1.0	1.0	1.0
	 sit		[18]		1.0	1.0	1.0
	 top		[19]		1.0	1.0	1.0
	 fruit		[21]		1.0	0.69897	0.69897
	 hickory		[22]		1.0	1.0	1.0
	 forceful		[23]		1.0	1.0	1.0
	 oak-based		[24]		1.0	1.0	1.0
	 rise		[26]		1.0	1.0	1.0
	 dominate		[27]		1.0	0.69897	0.69897
	 finish		[28]		1.0	0.39794	0.39794


Documento 8
	 Palabra 	 Indice 	 TF 	 IDF 	 TF-IDF
	 red		[0]		1.0	0.69897	0.69897
	 fruit		[1]		1.0	0.69897	0.69897
	 aromas		[2]		1.0	0.22185	0.22185
	 pervade		[3]		1.0	1.0	1.0
	 nose		[4]		1.0	0.69897	0.69897
	 cigar		[5]		1.0	0.69897	0.69897
	 box		[6]		1.0	0.69897	0.69897
	 menthol		[7]		1.0	1.0	1.0
	 note		[8, 16]		1.30103	0.52288	0.68028
	 ride		[9]		1.0	1.0	1.0
	 palate		[10]		1.0	0.30103	0.30103
	 slightly		[11]		1.0	0.69897	0.69897
	 restrain		[12]		1.0	1.0	1.0
	 entry		[13]		1.0	1.0	1.0
	 open		[14]		1.0	1.0	1.0
	 riper		[15]		1.0	1.0	1.0
	 cherry		[17]		1.0	0.69897	0.69897
	 plum		[18]		1.0	0.52288	0.52288
	 specked		[19]		1.0	1.0	1.0
	 crushed		[20]		1.0	1.0	1.0
	 pepper		[21]		1.0	0.52288	0.52288
	 blend		[22]		1.0	1.0	1.0
	 merlot		[23]		1.0	1.0	1.0
	 cabernet		[24, 26]		1.30103	1.0	1.30103
	 sauvignon		[25]		1.0	1.0	1.0
	 franc		[27]		1.0	1.0	1.0
	 approachable		[28]		1.0	0.69897	0.69897
	 ready		[29]		1.0	1.0	1.0
	 enjoy		[30]		1.0	1.0	1.0


Documento 9
	 Palabra 	 Indice 	 TF 	 IDF 	 TF-IDF
	 ripe		[0]		1.0	0.69897	0.69897
	 aromas		[1]		1.0	0.22185	0.22185
	 dark		[2]		1.0	1.0	1.0
	 berries		[3]		1.0	1.0	1.0
	 mingle		[4]		1.0	1.0	1.0
	 ample		[5]		1.0	1.0	1.0
	 note		[6, 16]		1.30103	0.52288	0.68028
	 black		[7]		1.0	0.69897	0.69897
	 pepper		[8]		1.0	0.52288	0.52288
	 toasted		[9]		1.0	1.0	1.0
	 vanilla		[10]		1.0	0.69897	0.69897
	 dusty		[11]		1.0	1.0	1.0
	 tobacco		[12]		1.0	0.69897	0.69897
	 palate		[13]		1.0	0.30103	0.30103
	 oak-driven		[14]		1.0	0.69897	0.69897
	 nature		[15]		1.0	1.0	1.0
	 tart		[17]		1.0	0.69897	0.69897
	 red		[18]		1.0	0.69897	0.69897
	 currant		[19]		1.0	1.0	1.0
	 shine		[20]		1.0	1.0	1.0
	 offer		[21]		1.0	0.69897	0.69897
	 a		[22]		1.0	0.09691	0.09691
	 bite		[23]		1.0	1.0	1.0
	 levity		[24]		1.0	1.0	1.0


Similaridad entre filas
Documento 	 Documento 	 Similaridad
[0]		[1]		0.03074221832682233
[0]		[2]		0.0010141699950544966
[0]		[3]		0.02012356931090042
[0]		[4]		0.035936541263246524
[0]		[5]		0.0012058122384978765
[0]		[6]		0.033055563455881565
[0]		[7]		0
[0]		[8]		0.016428114054137563
[0]		[9]		0.02025694311217781
[1]		[2]		0.012989796267831762
[1]		[3]		0.01631015824063927
[1]		[4]		0.0007115163669315414
[1]		[5]		0.01073504412170742
[1]		[6]		0.04884949665157889
[1]		[7]		0.0304710259791626
[1]		[8]		0.12438012780229801
[1]		[9]		0.07368280792046678
[2]		[3]		0.00047605005391363354
[2]		[4]		0.006659177380138156
[2]		[5]		0.04525547665747625
[2]		[6]		0.0258649759331848
[2]		[7]		0.06575059838944844
[2]		[8]		0.023115389487955225
[2]		[9]		0.07393726924363565
[3]		[4]		0.024694695619203583
[3]		[5]		0.03165459361392427
[3]		[6]		0.02265561954489722
[3]		[7]		0.011161994082661839
[3]		[8]		0.02035451781747622
[3]		[9]		0.04823207864982141
[4]		[5]		0.005600261803779497
[4]		[6]		0.0007261305740804706
[4]		[7]		0
[4]		[8]		0.024426018995056253
[4]		[9]		0.029267605549687017
[5]		[6]		0.04499106690609602
[5]		[7]		0.021875016515133558
[5]		[8]		0.02231170045529577
[5]		[9]		0.03393598288934723
[6]		[7]		0.01087991670650343
[6]		[8]		0.0024571429294470595
[6]		[9]		0.0035993753027596634
[7]		[8]		0.046907141228220824
[7]		[9]		0.0033854586365237665
[8]		[9]		0.07362392177507752
